    0.2672
    1.5677
    0.7320
    1.2941
    0.6206
    0.1681
   10.1284
    8.1295
    2.3326
    4.4529
    3.4353
    1.5564
    0.4106
    0.8560
    3.7368
    5.8702
    3.2789
    1.7985
    0.5421
    0.9039
    0.8717
    6.1705
    0.1035
   11.4204
    0.0620
    4.3566
    3.4871
    0.9612
    0.6603
    0.3446
    2.3405
    0.3350
    4.7732
    5.8424
    0.1020
    0.7657
    1.1373
    1.2705
    2.1933
    1.0637
    7.3198
    3.0842
    4.0921
    0.8530
    1.2065
    5.8348
   12.2724
    0.4638
    0.5695
    1.9034
    1.9336
    1.0041
    1.3255
    2.9992
    0.9497
    0.6517
    6.0198
    0.5611
    7.6338
    1.2337
    2.2239
    0.5189
    1.7202
    4.3027
    1.3674
    0.5610
    0.0761
    0.1747
    0.8264
    0.8951
    1.1626
    0.4177
    2.8464
    0.1036
    1.7296
    1.5337
    3.2745
    1.1744
    5.8273
    6.1555
    3.2514
   11.3056
    1.5112
    0.4492
    1.3739
    0.4151
    0.3155
    4.3303
    0.5380
    3.6890
    0.1341
    2.6921
    2.1006
    5.5641
    0.6739
    2.3454
    0.1837
    3.9004
    0.2023
    0.8675